125290012
1558672649
2110061160
503093187
1301246524
1988674668
708071219
648090176
1813739730
1508047635
1342323145
1560332492
555297413
328722681
198512877
983308894
2069882228
1201483442
1073032077
1272609492
567172468
1931550600
1695436242
1760960597
228781810
1206111447
1789339231
831643444
1611980369
900813736
1528428237
1196378046
1686071140
1308928161
1410002462
1716032903
1381386373
2143906205
190673817
2078991120
1495351209
2111683734
58044103
1844955639
793254766
2120973450
1399159106
548069011
1039739885
1443011267
477145159
2042443087
296315821
1026970079
1346509696
848445520
1110875379
1787929777
1060533826
1586902209
1110560028
1717358475
441601293
1061218275
523843094
1831533683
1823695433
1664612159
1076822403
773818726
785433789
233566059
905072061
1600951801
1085262079
80364918
2089972538
697700048
1362318070
1829044239
1088280767
1041080714
889657097
134973231
52004121
720620312
475379471
1783140006
314432793
1306758645
2132475085
375976812
218775592
514036769
1560428183
451271574
1663721706
974477922
1418498534
1407205917
1681102668
183109377
1518158274
1325042652
2049846993
913803120
1786802397
890203551
89931507
1343461692
1581652534
637769754
1160694632
652877956
1330322892
1289798962
828311077
1654149866
1325087715
86322790
1961476724
1120772362
1275047518
849896317
1746306803
833836757
1651428109
1242875054
318450659
211895704
480709411
2037720358
1760674975
1332933401
227098891
16897695
1600464430
2115530111
1731556027
1293322047
1284850531
149968459
1981549152
2026916044
999340646
867811381
2113471645
1029065898
1377210101
184742010
1641688305
2038643580
270499621
101287615
839444167
1872241669
505687541
1759177044
2047268941
384373559
330921683
1726465969
1802261441
905847726
1219464057
2110019771
1540122832
524572359
220545420
15544448
345167554
1109518851
817344583
1061730669
1227689520
611891820
806979422
1753564427
1254833645
1165965944
47990106
1217242281
2003610816
14429264
1854263899
1324749186
957801153
389592368
620596637
55519567
1215954111
244414212
389334647
1488149305
124298081
1228759801
1131609141
214373501
1303259011
209692252
1664269909
1680562458
1428144829
2069591965
474938702
817881822
142676835
588449951
412235170
631578063
137527174
1050509318
1921038126
856368246
1202938950
1928733312
1407913818
1932192803
1809698775
1640870052
1615084512
1478801026
818802460
980080679
983615057
1923117223
468208450
356816962
37129255
253598840
1187005912
231584582
230314366
1530322955
523695863
214623838
949239410
1388500562
1343479312
289100712
217598804
1246423665
200484441
1768439929
1708394258
1646659334
2064726257
1165047561
1295723864
1680603257
2141986714
751702111
1223800254
1478970450
1093797531
609951701
1932700200
857924518
1017805325
27507485
275012223
1173865563
2043267306
1159986873
2049442491
1426161477
812884080
1597446455
2080235287
1792633270
2096886212
32382539
404707376
1456404689
1280971108
1802420868
998325818
311630027
1058391919
250096714
1814383417
317311312
578808587
1488334303
1129229519
693213544
1414635162
939629365
2005087280
755958469
1804925762
440688315
1041906152
1654596495
271121615
963600094
405240706
1136433535
775396265
33549990
1307183479
273255777
1630264178
834957931
2072227583
1391631483
692433846
1103725636
869630396
1005216283
645527461
241131625
983207265
733274239
1508147076
1399517218
1305030090
952107585
1632443791
312257342
1315308740
544940466
1688324010
227344625
1371116630
1645754921
1906205116
662619608
1340514783
2056878513
1509538385
725474834
527547958
556206579
1437247200
769678214
259182515
1470459063
1115179671
632688459
1870960646
922923145
2054890053
1248908781
1205480698
783657164
1228443145
1771338878
736808190
528398878
2048240173
526282993
1922686775
918738192
638132297
2100443085
1684681692
622915625
324501777
63776553
1050531043
463615623
871265824
2031263593
2064286396
1180796235
842797941
107698400
1638368337
2002584825
879390959
1607475333
1830061227
1419800617
1723642898
1743480640
158359241
2040527513
1004765941
143389614
1682960221
160096338
1666015528
304715154
1858738838
451139395
2118881553
1261975626
1004953805
619878764
259245241
963126461
1242018229
127273930
239463396
417366587
1239449625
1836000722
1305970632
2027147320
1979712047
601164663
1928164771
269921924
1288843056
424964702
917563860
937923419
78443575
2019802822
806662812
201402191
2075045759
1055178332
1994549606
180909987
733129398
1939754505
591541335
1877190586
1818534746
1218207003
493074255
2044937638
1507666917
1855297268
1578085203
1457951564
676887198
1681354176
850526454
2140249874
415519273
943089523
1499314090
371469698
388905487
2070811730
929441317
671437923
1671696074
551577297
264937974
38983523
1706597737
121995938
1917950698
1534357690
119477045
245995478
563745220
1486201878
600222778
1949090532
335567049
1342598532
1336249917
1009074725
876274116
599980665
455047817
670851646
2021121671
551115800
378086870
2075353880
59727471
610252088
165416135
1604218397
236144255
1429401632
2573022
761558317
237643499
1152372796
163281751
1778850428
546534223
659029796
1289185404
2054980220
748206212
565781269
179527680
12536307
1147842873
1811954598
515068925
167418110
1119936241
725341703
247786376
1869476544
914514795
157693240
1743268638
1157492129
1706494113
1407985062
0.283333
0.586941
0.657363
0.995364
0.563106
0.407780
0.590195
0.983414
0.847923
0.949769
0.103017
0.804350
0.165671
0.836467
0.308216
0.330750
0.585807
0.300505
0.313315
0.281726
0.723055
0.480923
0.133956
0.870557
0.553137
0.979856
0.403005
0.782437
0.246926
0.914074
0.034994
0.684375
0.878375
0.072244
0.094558
0.306179
0.459817
0.341154
0.869345
0.976320
0.697921
0.935241
0.870390
0.225128
0.147028
0.512119
0.066136
0.035059
0.454783
0.148047
0.178916
0.175046
0.762721
0.903560
0.576581
0.823134
0.852437
0.682300
0.325871
0.529779
0.574628
0.949250
0.171980
0.716841
0.878150
0.933247
0.543231
0.124950
0.446731
0.167389
0.009546
0.691840
0.304183
0.266979
0.735820
0.011419
0.487625
0.421138
0.669603
0.922645
0.643353
0.020538
0.475394
0.066319
0.869248
0.568758
0.224875
0.734134
0.413128
0.328139
0.265929
0.845754
0.318991
0.075377
0.990159
0.878456
0.867230
0.769553
0.053366
0.732828
0.804429
0.844280
0.065962
0.523562
0.336076
0.827205
0.341188
0.417891
0.850511
0.191801
0.892932
0.546776
0.110720
0.596893
0.080631
0.049241
0.120417
0.309353
0.559325
0.960198
0.314286
0.004880
0.570993
0.130020
0.711480
0.501285
0.793408
0.592033
0.727497
0.358554
0.330757
0.258136
0.245387
0.717174
0.180810
0.966773
0.385845
0.025047
0.736988
0.724326
0.593465
0.883482
0.891149
0.522740
0.806724
0.428477
0.052023
0.341379
0.977179
0.791804
0.346610
0.734229
0.714933
0.706365
0.884436
0.501980
0.816024
0.812182
0.105921
0.721177
0.361330
0.026784
0.515172
0.514889
0.407475
0.640715
0.000830
0.884184
0.342860
0.806303
0.434105
0.270570
0.181735
0.673575
0.425876
0.278920
0.537163
0.358141
0.296189
0.107038
0.457045
0.202361
0.865625
0.775089
0.309701
0.568183
0.315150
0.532896
0.548047
0.069638
0.021366
0.141087
0.722472
0.823339
0.624548
0.732224
0.785557
0.813711
0.937204
0.556330
0.006932
0.345443
0.903021
0.334919
0.239497
0.161470
0.649951
0.391335
0.657262
0.653833
0.805354
0.945270
0.585751
0.317168
0.938131
0.925540
0.797307
0.884947
0.309193
0.298596
0.013194
0.868771
0.882331
0.035890
0.794613
0.878643
0.170448
0.696462
0.618842
0.590251
0.157271
0.771115
0.849716
0.337612
0.473935
0.017693
0.743677
0.577088
0.448237
0.835676
0.030285
0.447082
0.925866
0.291742
0.573224
0.287623
0.312653
0.909853
0.682275
0.334265
0.139101
0.211376
0.414527
0.842527
0.234992
0.486851
0.360817
0.956195
0.531782
0.513336
0.434240
0.783209
0.706561
0.195217
0.052136
0.976890
0.373192
0.379568
0.362692
0.052685
0.527342
0.826715
0.759537
0.697329
0.280443
0.224691
0.346171
0.236862
0.242442
0.531121
0.490483
0.769087
0.416989
0.111235
0.474380
0.823821
0.585248
0.087769
0.881500
0.466212
0.197233
0.810781
0.962698
0.156142
0.380760
0.821787
0.806356
0.928688
0.125596
0.472784
0.425457
0.786071
0.089983
0.380284
0.450351
0.819969
0.832472
0.352422
0.555300
0.305212
0.636531
0.311825
0.494670
0.663361
0.795372
0.057397
0.582017
0.814990
0.372584
0.479290
0.463276
0.824765
0.324752
0.571975
0.605625
0.965613
0.610143
0.506757
0.130720
0.052717
0.544847
0.733916
0.268946
0.627564
0.777498
0.761059
0.492233
0.547581
0.505922
0.594448
0.762738
0.165389
0.198236
0.252097
0.192869
0.493018
0.117459
0.686961
0.425123
0.300722
0.400544
0.053625
0.147312
0.835258
0.846890
0.914014
0.134457
0.766266
0.550074
0.694315
0.009695
0.390772
0.416736
0.980294
0.000123
0.931803
0.884573
0.538447
0.264942
0.090330
0.494234
0.650576
0.039684
0.115528
0.337665
0.943958
0.811055
0.727902
0.136000
0.748110
0.259890
0.540937
0.384147
0.667209
0.242760
0.383158
0.610288
0.220870
0.502117
0.201647
0.573779
0.097032
0.295131
0.600704
0.568539
0.280464
0.041093
0.979727
0.604190
0.228516
0.302426
0.592805
0.186573
0.785111
0.148614
0.697514
0.919696
0.941296
0.208976
0.251879
0.970782
0.263080
0.448115
0.515375
0.331531
0.502153
0.180525
0.317140
0.483217
0.226986
0.883932
0.224846
0.938816
0.114043
0.847395
0.778919
0.507246
0.260035
0.166108
0.690556
0.369603
0.172007
0.547339
0.698291
0.037272
0.094480
0.395391
0.558089
0.933704
0.887545
0.861382
0.580542
0.957414
0.287386
0.907082
0.707615
0.397222
0.137140
0.800870
0.729432
0.287740
0.533160
0.112836
0.249258
0.467675
0.418005
0.911794
0.243691
0.031389
0.356387
0.707287
0.077951
0.596854
0.894269
0.892207
0.259525
0.367316
0.383478
0.058588
0.815468
0.297308
0.843307
0.134681
0.636497
0.160000
0.233608
0.792204
0.057816
0.068397
0.444218
0.234182
0.029795
0.314418
0.070140
0.713780
0.845416
0.163997
0.646302
0.563374
0.366800
0.610464
0.117653
0.948828
0.269193
0.502416
0.872458
0.628722
0.706041
0.183948
0.668167
0.33623443128455
0.91663745176364
0.10927747892158
0.90459075108324
0.23132178097506
0.15803405427304
0.18762549090747
0.78324586940212
0.29752803117532
0.27289997031141
0.73532289757565
0.43197303631799
0.73289497412682
0.57575376628544
0.76000502164116
0.14995654039660
0.59540991623293
0.60484380081226
0.21117895908789
0.98723841943898
0.19866767732378
0.68312498172022
0.68120151979451
0.08400379701752
0.77668728141610
0.98867293732117
0.52275964301225
0.00271442783344
0.77944750275116
0.07048627251684
0.05165496884517
0.86442101655318
0.74868052472526
0.24058188243403
0.62925116987991
0.42842029358912
0.36347048885453
0.13461476062906
0.85926759806128
0.05991123959961
0.02455493011375
0.02016487710000
0.27693996934769
0.53214394416499
0.27359405243506
0.55073374399139
0.95707995131576
0.70693535964647
0.89528439939267
0.32568215779513
0.90624402632555
0.39172189923466
0.13241856404601
0.62928746028627
0.24266093273162
0.04899504872586
0.95027212216085
0.24025944454499
0.32649480166902
0.41469084818745
0.48406707069105
0.82867151155749
0.47743865863569
0.72221244033469
0.49452903638298
0.40736777012024
0.01727286870990
0.11416067412622
0.58512218513451
0.33439099546270
0.83091899898239
0.71780241346053
0.92250808187696
0.29626150233246
0.21748723616580
0.30717344160906
0.60743213184547
0.91919195098228
0.61973199134379
0.19818687581599
0.23722620833361
0.67097428195602
0.90355305280090
0.28557409580784
0.02961832182796
0.12250726433302
0.72813421035327
0.73452154314103
0.04493017639977
0.94885438460525
0.78020737763447
0.99881720655880
0.06087997825744
0.35738225073800
0.98439981799735
0.77586023319420
0.56665130592694
0.20492257801623
0.20824084639737
0.37725891215243
0.29467708478521
0.87485792216127
0.52239545674951
0.59391886870671
0.00941513235701
0.72107344788043
0.93053425500420
0.06231558237429
0.30850890641138
0.37013611104716
0.91195073761186
0.05262602921349
0.81013742898807
0.40650906068063
0.28187742740977
0.72718323939397
0.50338111444972
0.53885107220122
0.21284295316215
0.02530596753395
0.52146948939863
0.47905495324865
0.57573210814174
0.78839795412683
0.22347006663621
0.17491715584831
0.05182654666146
0.31153157356590
0.97018653474754
0.38718719695424
0.42304789662425
0.11147684014488
0.02808718753125
0.60536923417644
0.80569484386717
0.77013157761280
0.49544123178161
0.88789120586701
0.45691165586644
0.14698268688293
0.58887596428931
0.38782203142848
0.70356167531884
0.95181023550470
0.32810367634994
0.89901680082211
0.30773102610616
0.81979520891983
0.54493575550393
0.79469656600186
0.25187623626538
0.01832515011814
0.88237014592857
0.40670407768914
0.28332416546572
0.36746617601611
0.58772560437733
0.36539340541127
0.08298048086086
0.79582243128022
0.56972009706679
0.68659037287104
0.28157845838357
0.29427627897519
0.43295714758013
0.28320344386301
0.21161396008963
0.06702426167769
0.56674920479334
0.47289761692714
0.69462978309945
0.11894519561601
0.56040470591060
0.74577617058444
0.00876014825616
0.68777773013716
0.67092641935896
0.33324280698497
0.53602286318420
0.17275917704652
0.84458177335231
0.29351843641289
0.26869549259419
0.77203259241252
0.00010073330744
0.97234438616181
0.81340751358548
0.34259902810715
0.50422089085564
0.11367206822911
0.85015393938837
0.65991013180830
0.44034902286278
0.77418735997310
0.45851217505384
0.01276282152480
0.30665762651208
0.77424423963986
0.56533132039145
0.23471870507662
0.59787580275100
0.33884174117028
0.83989389643529
0.79877436439116
0.47421807039854
0.59017679498964
0.54293283337720
0.49016891156784
0.27527566990223
0.02985810281503
0.31957798142491
0.25772354994284
0.61515782738457
0.14462222248003
0.27419880510457
0.14892486747766
0.14451121784407
0.38880872086283
0.28184753352954
0.44959862818100
0.45547286173133
0.85843652462579
0.02803067949770
0.12875413802263
0.70585387902887
0.16167887194482
0.96111794015830
0.75438839207244
0.29382995121009
0.21515900989774
0.94750535747626
0.60462315954054
0.40339657399151
0.52087877839965
0.61208004329029
0.51060478015173
0.90227996998055
0.53849912843201
0.05414303065675
0.47683378627926
0.52026181727391
0.90603018659377
0.66952231983115
0.67949296055612
0.08449230283874
0.25552079580773
0.03767934628100
0.71466945937381
0.73620341105625
0.19118395122432
0.30164153714907
0.43106516731545
0.55530421181722
0.13579737827177
0.45208651310438
0.63519911272255
0.76144007243977
0.88880252793407
0.52193644041211
0.74975970884800
0.55235233011708
0.38307538153306
0.10244200002748
0.52656527065082
0.44692654650465
0.58442604727894
0.04792948127052
0.26012524657103
0.53417342904470
0.63606900881500
0.82022913147662
0.09328415153755
0.86500036300748
0.92313690603648
0.39641904717551
0.35614806856313
0.32069948681507
0.07668160111229
0.41827634519725
0.54532052555370
0.34216761184140
0.55935380574399
0.73220118951294
0.15104879324112
0.54831521798427
0.60989864135867
0.60398828879762
0.44618216842720
0.51614302352102
0.49848213782467
0.23845851971244
0.73638411451621
0.60762813565157
0.00508688946505
0.66885364322661
0.83674578937474
0.70654934496980
0.48895482083467
0.72722541656369
0.48646358155127
0.60273809343685
0.23747019826086
0.91292615381855
0.84089644156604
0.28894961198568
0.80235814663673
0.31688840109566
0.38024867461271
0.50603148456139
0.44592243619931
0.34553265706160
0.29577409228133
0.42899181166342
0.17314781282894
0.52283497266578
0.61430938053951
0.95132302924563
0.48673769290104
0.53150812583100
0.67123088068181
0.05176343552309
0.53970646906374
0.39233397003549
0.54274260719894
0.61688734822741
0.68393650836686
0.18106442420106
0.57903401956625
0.68854833413935
0.29310090887560
0.21904980745739
0.33960870761082
0.91606511394416
0.39098364183121
0.39084815480924
0.14326209429606
0.12986964778542
0.75440016167823
0.64912449905044
0.98046087149126
0.69913602332135
0.62444220863912
0.32296209098543
0.81912126570815
0.53593526268103
0.46083759049971
0.37804766309887
0.53068133492715
0.76349492788492
0.24755331620529
0.85312769741031
0.05162674045347
0.33915433667382
0.11207830028531
0.09436302084473
0.03067080530262
0.50386957229227
0.89515021938827
0.23818224774195
0.63182374414281
0.78387757851803
0.85597997755976
0.40385007024613
0.14502458851391
0.30935399362778
0.61080194743189
0.24512533137856
0.86512021642170
0.85552344722161
0.66533156898170
0.04592143156908
0.35643567216429
0.68991006407803
0.67715997657085
0.86944848884618
0.16259395873067
0.11695015814060
0.12598089406419
0.12942048256071
0.15256088062815
0.86715370733668
0.69062370538619
0.09730942038334
0.94281064015066
0.96770069486397
0.62828780362009
0.43065547845904
0.22199140796640
0.21370316826854
0.46955142301865
0.91455739436541
0.16812833285004
0.97247809826751
0.40876951361379
0.72643590836913
0.91053619735727
0.50342105477301
0.26825858416549
0.74715381063842
0.23255114264279
0.88293530899790
0.82201580570575
0.04028216187221
0.83639859475288
0.36051988065123
0.90249435188646
0.60167864507722
0.27843895208505
0.79570662925508
0.79872647686481
0.89356219391276
0.41035267485833
0.01993827509663
0.01395151650716
0.01073863410947
0.56228247232908
0.55455839186516
0.46279087083938
0.21730480683104
0.57801856223769
0.75650196823740
0.24952369027312
0.86787077600302
0.32588949149556
0.92792007422005
0.77931558272246
0.16322241100570
0.95558786840446
0.95136229620559
0.33883059011437
0.95628687937382
0.27403249994704
0.61208671314920
0.58215351947984
0.75756135354108
0.64806960330316
0.80525438142827
0.25638816672400
0.77361013350462
0.13424887726517
0.68299916344551
0.75991018251585
0.28922058166534
0.43715326656709
0.49145575134600
0.22598082450069
0.91374446749305
0.39519920934550
0.49522059795514
0.92721376090120
0.52280297612851
0.38739941066216
0.32199137917329
0.94935225696769
0.87252868518998
0.87517770184699
0.22551523944452
0.67191140056266
0.98834597136782
0.88454984194998
0.89145225175922
0.61836773501287
0.23790752118618
0.42187798838895
0.85292678971357
0.66486409044377
0.28543435288781
0.95027930173734
0.88889916233815
0.48651193506910
0.07360685414663
0.91144453723998
0.59341912614921
0.05473577497330
0.09036768969863
0.34038464401746
0.33675870343718
0.88812298930288
0.27358399345739
0.05996080492079
0.99469968349026
0.62493362535637
0.36529299149373
0.39887539892555
0.89429187828209
0.74656426127440
0.62917477301967
0.96611727240059
0.78621837549336
0.07582987537651
0.60066577807003
0.12093364188534
0.39083839031515
0.72682822045752
0.97971744120722
0.78460036553320
0.84328396579881
0.81809939889992
0.95092646996582
0.82164767428652
2101369978
1660162632
1436532693
1291216624
499697225
1070828309
720621563
1801817010
1372424545
267886656
489125678
848575126
44605722
85642522
1394068276
132100196
1721994228
1803355836
19771633
1528517223
957467137
484631828
2058857838
111680241
71797424
954049538
315137285
838013221
1131609141
1231932514
811919901
886152420
1219109192
670522325
384718133
1314842602
669257623
1094320736
451699963
501447177
1379891288
190958125
1240227539
1021546480
1570803659
854484960
1510061812
328140184
1453811193
2043766455
940537565
528328542
212248842
2130503248
1534209078
307257130
879969728
127273930
539916324
929509777
102153465
76672983
677845180
58451851
1631838187
845040380
1058526776
1976990685
1805831899
2071575146
1449991046
7463923
187605331
1643189472
523606235
1537200276
827592567
120594697
588155288
1703537161
385905696
1160006516
132108470
862430132
922110142
794702256
571077241
1902260643
373497623
737449125
1862947891
157374577
1833810219
571021738
1681209420
1590255071
1397834473
492504764
1696934724
858064711
2140431931
1454466218
555881187
1881982773
927142585
1131771793
1798871976
1352769076
1821239788
847950266
1664358395
77950578
1653909938
286312038
366956056
964585501
1489951098
60768494
2147466351
139268246
380792813
16889175
437912248
910359809
1044081180
1059452848
205049763
1265195483
1004765941
2112648887
1194953447
1943935625
349435922
1889823041
1227986949
737372070
1288374814
29014638
766634928
439183900
884125527
1434063353
1564137137
483952142
198552019
2135687154
1754477975
321192143
765205845
321698682
125290012
1558672649
2110061160
503093187
1301246524
1988674668
708071219
648090176
1813739730
1508047635
1342323145
1560332492
555297413
328722681
198512877
983308894
2069882228
1201483442
1073032077
1272609492
567172468
1931550600
1695436242
1760960597
228781810
1206111447
1789339231
831643444
1611980369
900813736
1528428237
1196378046
1686071140
1308928161
1410002462
1716032903
1381386373
2143906205
190673817
2078991120
1495351209
2111683734
58044103
1844955639
793254766
2120973450
1399159106
548069011
1039739885
1443011267
125290012
1558672649
2110061160
503093187
1301246524
1988674668
708071219
648090176
1813739730
1508047635
1342323145
1560332492
555297413
328722681
198512877
983308894
2069882228
1201483442
1073032077
1272609492
567172468
1931550600
1695436242
1760960597
228781810
1206111447
1789339231
831643444
1611980369
900813736
1528428237
1196378046
1686071140
1308928161
1410002462
1716032903
1381386373
2143906205
190673817
2078991120
1495351209
2111683734
58044103
1844955639
793254766
2120973450
1399159106
548069011
1039739885
1443011267
1974609207
1242005296
566994231
1472072161
1908091761
495722626
1991943381
164982065
2025471139
1515109875
1425320979
592308482
859748427
567169497
186266488
1612102117
774752904
974464178
50294704
1591602406
1634420413
353541495
698258809
481255869
136708263
1567401109
2020505365
1395089033
1381386373
332117459
504097154
1380107858
1250678436
20538143
480274147
1626672047
1029803019
434037382
1292152384
474501713
913885879
1874510191
1873102157
2057720020
883361886
1257014048
1377811516
1227351205
575039804
1865053904
