1479592390
400887705
1040493538
1265058804
769363005
421277251
932166349
450902356
1029425901
900326238
497392476
1514374107
467603155
102597076
1402703629
1640901326
1729708475
253896737
890744115
1413293551
195470254
731400149
635754856
1135622914
2116101375
1207958628
1048773999
533224416
1783933364
1069377032
282068853
1301322252
1142678914
1080940249
634768786
551735117
1357583794
794181935
444257450
392936031
1602380176
1013726377
341595908
1191376433
944803925
24239601
713858690
2057623794
1716700195
899258752
975464505
1753253499
139930507
597733504
604506895
1402326973
712035993
171625679
600788209
1444427328
1547795930
1078400464
1867472852
280990064
811726254
157778254
820188763
709446781
862183494
440101858
315845944
1558084640
426249196
1702958909
978854151
998835672
1461277721
2041920424
2006877256
186801195
558791815
2060886137
1641432522
2123159983
791676984
1833792251
360219039
1338017349
1472217997
547164146
653120174
1223831034
1249034152
1938874780
556939932
1438070391
1538041612
576170163
590974348
1697288476
1156973706
506745635
1003874891
1892991309
1906993259
1870329109
212365321
258788736
65103646
740461238
1459630964
1623151653
1727656421
991988946
1542965781
1144869310
255130065
1118860450
557598993
1330228411
1213522106
231926045
378897595
1721744056
1105231787
1904166780
1280622350
1493397169
1202643016
837093238
71971675
151049523
1331408212
2088759196
942612908
1068485569
2066369055
1477939633
94545171
1636931995
521099612
2144156113
815980232
964233035
1843278369
196187815
423281740
2032230745
624456069
1589181218
56503630
145449295
554586586
1673933113
1287110625
422533850
1836587978
929874167
420229329
166379842
1995162903
1433884728
1491313745
25672326
1950538526
1037097897
61386101
1550686280
1501592923
1142942159
600290540
1545023276
172391556
1364797429
1868150767
1487743920
1604978597
780916924
1091645028
1387221981
651779219
214549038
1989764002
1751461710
1841205666
688192365
184572915
169564183
636654288
559430259
229871618
1624587181
932366538
1336180199
1973588720
486955602
2099200145
1348355598
138298841
2081534641
906408332
474269170
581609504
2026261507
1523336333
1365214220
1593669467
633312460
534204502
544080195
1978535384
998786168
314105974
1012159832
925473505
1857615718
149441585
185145916
222548712
214901249
1791082863
1156326382
44156030
1253848688
648308961
1288282789
153202450
1772907931
1503707335
1308809522
1469723844
651728408
1385217084
1688153643
883416071
1981825721
935497252
1377380853
1983544873
1286859818
1585767728
1531475878
882078648
415333362
1395847242
1474523846
1025279620
1453526478
1944572365
575609910
1664645562
765564688
264128408
369303556
803746731
569818854
925400572
2004712689
992000489
3722056
116215218
1740813495
101125105
980730455
120627024
1214721491
682185178
1068469270
884987585
1840942807
1737137317
1816085293
903421023
397377405
1125288424
2013661749
1368861197
1731290227
2134454247
1711480582
1031810358
1392566074
2107207741
624542422
1564680160
1472392593
1091602407
987533462
1430673651
2011825288
184877995
2023363496
893571685
247862721
1016623317
1682186264
847908985
1228631240
785973376
1997687835
756013926
784070453
191364269
552318611
1333547364
228787672
1973343505
644963710
605063279
341291299
734289559
1524853832
427404378
1681274255
428472254
1017778224
1178654103
344529740
1582995971
330199032
1876961777
996288409
157077643
1340629876
1769997978
71594890
1218062566
806603956
2138222332
1308932407
563298890
798159568
2014494904
742739157
1047753722
953156701
50340272
1178497303
380073006
1526319734
680697446
380667800
1315157242
537460065
500233660
2061892812
1366442105
1935012331
1481417693
1111010588
1230471380
1583051758
1080935888
397183155
607363434
1149118437
1399647706
1094739923
671401034
1781976193
1166598850
1207679567
1755723017
2111472309
693052287
1848118062
1905561569
2020746841
1077011262
1130929152
382320128
912786744
122258886
1578487775
1960179416
977022306
652867489
418847621
1236707875
2030308928
1722084063
1585588025
1662179997
1005427071
630649413
1679305527
1829360460
521204301
1170384730
1364210546
1403762658
438940872
1454250674
929251403
193839673
805148995
1936099367
2030553683
660153960
1024915489
335075343
1815210300
4003820
1072220302
803990184
404496852
259050047
568574832
1450139353
388103239
844992516
1562545362
209552964
2109297470
357474685
308918504
482165576
176202981
849589401
1909939244
1398586071
761301020
94066398
914163170
1162457152
524373095
111670500
1406645666
1520638422
179973084
577704753
567369867
492498576
477707884
422504232
1189043798
2122200284
413787188
1299927542
2001649971
1623425641
259617478
782354286
1441777067
1189780966
832861494
1922663578
489493594
159925960
549606004
694951328
1266591662
1905655810
1260404919
198058865
1598311509
1515193841
1178362594
804236617
1539374093
608223606
1272398495
896831742
1452624622
1415842864
18984058
1269874372
309254423
1197187450
1134726181
1337381665
986418074
481854487
255315766
1250286757
1619514543
1291095180
750922653
1171572482
597207435
67722646
1736087138
1134330875
682380070
1019543188
1748022154
274802574
1658557815
1218129743
59760849
1330060215
921595624
1487337391
1924150298
1043422798
448582813
864709837
1200776427
1568167931
289297737
0.998205
0.956935
0.371610
0.762515
0.436362
0.019143
0.811395
0.374120
0.499913
0.985215
0.722624
0.046144
0.066780
0.665696
0.915794
0.256873
0.479638
0.232819
0.758608
0.737500
0.031275
0.744219
0.107267
0.489566
0.821224
0.834118
0.256182
0.119493
0.065291
0.628854
0.368258
0.153621
0.071111
0.177034
0.143429
0.698935
0.979219
0.016459
0.673069
0.016057
0.410859
0.578348
0.664259
0.158482
0.458950
0.525902
0.550917
0.404576
0.002026
0.130242
0.879852
0.230896
0.946384
0.569865
0.326170
0.778187
0.146863
0.016558
0.725336
0.288450
0.764894
0.780762
0.656779
0.092216
0.793757
0.487608
0.257837
0.488781
0.149146
0.669914
0.001489
0.288133
0.555481
0.321171
0.718555
0.990359
0.301558
0.591527
0.149264
0.567102
0.018052
0.395003
0.136582
0.542215
0.718118
0.449781
0.273951
0.036165
0.292450
0.618658
0.609486
0.617456
0.577555
0.622264
0.278303
0.715745
0.582708
0.769150
0.231852
0.025023
0.077338
0.949034
0.951913
0.038506
0.644418
0.199632
0.635619
0.964239
0.108352
0.871435
0.291971
0.814780
0.256090
0.756134
0.247932
0.580847
0.263067
0.989678
0.755556
0.763647
0.526426
0.248962
0.987128
0.256166
0.940098
0.018436
0.736089
0.791358
0.428726
0.353863
0.255370
0.968766
0.530266
0.021746
0.258345
0.168888
0.026535
0.587460
0.452756
0.546052
0.543885
0.273066
0.418372
0.856860
0.452977
0.910723
0.400482
0.844323
0.541465
0.779143
0.144615
0.600527
0.898527
0.636296
0.816247
0.860969
0.287909
0.959946
0.836343
0.244884
0.489609
0.917976
0.284893
0.426013
0.918815
0.248499
0.639643
0.651506
0.199583
0.375159
0.434056
0.256600
0.694628
0.903979
0.616020
0.736798
0.816417
0.983880
0.414459
0.302109
0.391162
0.699490
0.921250
0.886555
0.903781
0.169144
0.713668
0.964771
0.798418
0.269518
0.770560
0.531808
0.897859
0.394531
0.213066
0.447570
0.434114
0.426460
0.344461
0.899396
0.170898
0.368983
0.237487
0.598636
0.293963
0.033741
0.206195
0.693094
0.915103
0.837101
0.413478
0.053292
0.724295
0.947814
0.815320
0.391652
0.277518
0.624189
0.059760
0.278338
0.845664
0.363976
0.286371
0.208014
0.677825
0.025906
0.367672
0.646392
0.024433
0.409118
0.526730
0.243991
0.822371
0.042231
0.197614
0.802833
0.905236
0.912751
0.610020
0.101178
0.261922
0.121618
0.340466
0.524426
0.645806
0.936055
0.478676
0.722984
0.125466
0.800347
0.129849
0.318480
0.601121
0.579589
0.528000
0.128708
0.937106
0.697985
0.974214
0.560673
0.091105
0.924714
0.677396
0.926323
0.209025
0.654194
0.302125
0.287869
0.291216
0.596978
0.047842
0.426179
0.099754
0.487801
0.886903
0.655554
0.943149
0.309006
0.922605
0.444814
0.536254
0.185291
0.035567
0.774329
0.927604
0.492154
0.222006
0.326314
0.522378
0.363619
0.380854
0.979890
0.636134
0.907489
0.976134
0.019335
0.996905
0.938144
0.818545
0.873900
0.400084
0.911575
0.120851
0.967703
0.878178
0.598871
0.660644
0.622245
0.583428
0.800388
0.877120
0.041231
0.513953
0.136413
0.443901
0.852292
0.699613
0.800019
0.439723
0.145976
0.211117
0.629279
0.281111
0.882540
0.085172
0.630192
0.498508
0.664420
0.540131
0.595225
0.339431
0.967704
0.524486
0.914958
0.762400
0.026111
0.865797
0.775479
0.285351
0.803662
0.043712
0.005671
0.841956
0.244604
0.976018
0.121712
0.500567
0.240331
0.942249
0.895756
0.329581
0.245447
0.597272
0.013739
0.502473
0.258401
0.760045
0.967144
0.693425
0.879629
0.610318
0.213941
0.856039
0.349233
0.864209
0.806626
0.982050
0.823519
0.963242
0.930634
0.915217
0.513663
0.833168
0.958342
0.012606
0.641603
0.995151
0.022324
0.311416
0.273694
0.492060
0.837339
0.740805
0.654606
0.602852
0.715779
0.327409
0.930570
0.079322
0.825642
0.413422
0.111239
0.058745
0.963758
0.012090
0.295045
0.505649
0.627871
0.758681
0.583320
0.224103
0.356166
0.490404
0.247047
0.918394
0.971251
0.890531
0.926336
0.328512
0.234239
0.924757
0.179540
0.946404
0.167256
0.420269
0.590096
0.491608
0.095472
0.752942
0.343705
0.388588
0.474846
0.523703
0.044774
0.370362
0.740116
0.718227
0.581804
0.801553
0.688312
0.374708
0.821075
0.613002
0.489801
0.540510
0.243769
0.657570
0.526333
0.731429
0.855915
0.365528
0.387596
0.086928
0.750037
0.854258
0.074033
0.631819
0.778000
0.359305
0.227073
0.449621
0.258706
0.149064
0.965846
0.889814
0.168339
0.407718
0.736552
0.395252
0.114041
0.596430
0.970437
0.416088
0.974542
0.252051
0.960625
0.340323
0.899128
0.320889
0.848664
0.716187
0.136291
0.875715
0.165736
0.480501
0.349938
0.507887
0.638744
0.599216
0.421602
0.712778
0.617678
0.798719
0.307057
0.810032
0.535590
0.163422
0.189424
0.732748
0.931416
0.934642
0.692611
0.521670
0.976660
0.703737
0.586448
0.812751
0.752173
0.480310
0.787476
0.66707682754441
0.43670142195167
0.56645521883267
0.53408369911455
0.34482018044668
0.31652690370551
0.75517067452860
0.45300084248869
0.33778688953221
0.67209304679213
0.46671783842377
0.66259152963123
0.01699590672049
0.87925433182299
0.69188450559362
0.66779152513367
0.96378923184650
0.17962093658776
0.95238497875678
0.74627539187575
0.22346889824725
0.62852866289457
0.21910478352556
0.20867131224550
0.06155872431448
0.35657012481090
0.10739150985387
0.06638033105414
0.50449401660477
0.62881694251570
0.48127344748763
0.94856202870789
0.80005643344980
0.63433189653540
0.69916830663025
0.32911232337234
0.80587652813523
0.96300132600866
0.86252611018656
0.68978662621525
0.20096781231689
0.63876251642133
0.88422582440667
0.21011147974345
0.66895323870871
0.41403953910235
0.14074915093113
0.45997389615835
0.69700543956045
0.12492363465322
0.74607995037758
0.06221785424712
0.02084791633721
0.53944789206015
0.08967209041199
0.57014099144787
0.03779209757307
0.93166428068532
0.27088544504549
0.71896214543780
0.23171961851796
0.26206623061649
0.79773318330927
0.22284386118363
0.87258541128883
0.72610829123422
0.26618660541790
0.49921282371595
0.99657649208531
0.82726094046318
0.65472081726931
0.97181939335282
0.30934330531417
0.36042289399654
0.55036800599586
0.57964420962000
0.01246071809742
0.88627285697303
0.04801530649934
0.33909040774559
0.79500742837331
0.65839516723810
0.71469343570742
0.69806976425468
0.64916241019781
0.24457430085246
0.73536590345774
0.29003670710231
0.50049856407797
0.32641080266478
0.31684038840911
0.33651204989570
0.68846557277559
0.27644593103857
0.24516328251982
0.33353133680944
0.08509924984171
0.44881998839320
0.15586331168693
0.80664302085516
0.52296465915073
0.75709452746990
0.08563740386389
0.85917421244818
0.50463377931945
0.34675350093347
0.61906668740917
0.61378953136048
0.25652865941527
0.68411273766380
0.04332471839323
0.55331145854461
0.25396372633300
0.37206253374193
0.20823823021041
0.76418555588778
0.37269720281050
0.15712700912768
0.45914466484685
0.93864551092154
0.36271143329343
0.52340057509897
0.86026447092796
0.33656100312910
0.22858719212171
0.84279743343383
0.03548690347994
0.51768219627226
0.41004489346959
0.79748284309100
0.87899907794547
0.20272961663145
0.69380929576283
0.26559889710446
0.20003608565342
0.43472179980206
0.65311675488312
0.64790294493621
0.26372814842328
0.20671151195699
0.27358482219935
0.00751042736980
0.86458955854952
0.23405137499808
0.17799032812763
0.62707335613358
0.33019348421209
0.66418943249386
0.82815404270131
0.12806832970229
0.71360930136537
0.15703923185854
0.15996150517220
0.47185004838974
0.70182011572814
0.85097583929742
0.33574257238013
0.21945548302139
0.88996728125244
0.26176499077587
0.91333136045279
0.19108794111203
0.12458590264380
0.86884485394596
0.65729438626171
0.98558709742766
0.68398308590939
0.54396600516259
0.70696355694135
0.59860690163410
0.21028939182566
0.91613768530596
0.07918899699830
0.40328719274037
0.44011797073979
0.79539809912375
0.50800250615169
0.66455091031377
0.38807567615874
0.79698925801870
0.70847705649232
0.54915242164691
0.97790425797076
0.52200508502212
0.91093084725844
0.35450121557906
0.80850137471968
0.98595183243986
0.76187570739637
0.67233248572340
0.41091429212289
0.11883047616137
0.46900907616483
0.79948524093832
0.86200107493134
0.73045082998953
0.84381668761388
0.94146692242353
0.58308558664078
0.53950825531963
0.29898133021268
0.39003970204974
0.28551322621566
0.03866210028434
0.11702211097987
0.55895752134364
0.62258630670855
0.18222361361407
0.94061355914180
0.64864456580546
0.94168077351806
0.02983071947857
0.70759677866605
0.28658716078875
0.23594758146864
0.11241765375836
0.80235161928622
0.45318390403250
0.56976557293665
0.38236562699159
0.99999612451006
0.99229086263792
0.36764628425793
0.28161359878830
0.61878736839957
0.47354480288347
0.54075522850625
0.19696681299825
0.98617879409507
0.30388298313849
0.70995497025748
0.92307242751514
0.73639445865720
0.72587815123612
0.68788070568693
0.74206799395073
0.43511798069132
0.17089268850060
0.37532997052567
0.73472314188609
0.85618981743408
0.23725809963981
0.49120960280093
0.14706546307850
0.60182153682623
0.87671069117582
0.04473499349400
0.16244547842406
0.04211678988415
0.29807710256149
0.00107930545142
0.06766165569313
0.31435686905174
0.25520803701138
0.48983868387348
0.94187844534931
0.88001363529777
0.94669837062158
0.15533739418443
0.45323790727144
0.51290092956307
0.44847433562220
0.02140264210172
0.15630767719577
0.86044311769900
0.17559796316735
0.13175102039317
0.48018204748956
0.98771102872480
0.41899646466337
0.57129380867374
0.17893041811889
0.18967996864111
0.55218721553259
0.62023488789449
0.80916925737564
0.59360518373791
0.40028727450593
0.91710445560819
0.56976888377593
0.81159836319503
0.80575619477458
0.61289833861667
0.87709624219579
0.08754286588931
0.10018329432392
0.07843914335774
0.45078336453720
0.61466298905540
0.62008152831281
0.34091300815601
0.74957804633591
0.21823872539742
0.84865892498356
0.83468696928555
0.35757486341397
0.18909585745148
0.36047190805376
0.74793949015339
0.12496447636262
0.41631253597594
0.06168852543626
0.88406715968314
0.55789805815970
0.22764052778309
0.38093143189470
0.28659670625261
0.66169034780781
0.33349910681214
0.00247879690264
0.53206685754328
0.34277232617815
0.24077247445346
0.52130518971696
0.31690103698101
0.68863562121243
0.33635459653690
0.60922781553320
0.02506872539119
0.67598365357095
0.73419497186379
0.65581392810606
0.14944149848016
0.67575067449460
0.65013851618376
0.54641106252886
0.01427137716044
0.58686597084429
0.96032822886257
0.20659414041577
0.47921214549125
0.31681990690629
0.99270716889619
0.18190546835945
0.97214191365411
0.79079892610870
0.25886359515349
0.97875019529459
0.97380590453067
0.60718457208527
0.68678375683778
0.48752908855866
0.64656203747366
0.63049151283347
0.49970772726916
0.14327813303035
0.70277839747038
0.62225670317306
0.37167593529117
0.15109001230160
0.24895833975093
0.78426004231119
0.88457792646492
0.31854655548182
0.64149304819267
0.89335117432318
0.35502496856858
0.42733568902244
0.57007062542825
0.00919063946116
0.62300154585319
0.92993939055221
0.66761175620262
0.12917363886286
0.32132563679970
0.80824923825512
0.38507927949566
0.28331030568599
0.64183508323654
0.67940977859476
0.82681695568424
0.09657383982305
0.82549603486606
0.19383729312704
0.69939007754886
0.08589514275225
0.76011288739000
0.88981808138101
0.69632472573335
0.66515145015357
0.84131150807540
0.84018346458432
0.51208289678165
0.51817154799097
0.16129287078102
0.69658915768344
0.32254091541901
0.37266833210475
0.33543049388915
0.77040581375174
0.41271456789353
0.31160727812996
0.63754667178633
0.07151208435725
0.10112789111170
0.86451906615495
0.45196091319656
0.71825244082051
0.79782212575289
0.37005277402506
0.93542927679681
0.46249993457317
0.85041608175733
0.06292647733768
0.48141675075374
0.47902887932002
0.54490612011356
0.65776573766857
0.22774864633350
0.85616914421321
0.41711320109365
0.93659511836988
0.30460424330078
0.54420600288926
0.51426979015314
0.15170535911616
0.49157885805067
0.21727610156878
0.97429552359056
0.19854613668419
0.77645154950717
0.67786805694953
0.27543842443902
0.64580014572443
0.92987039072280
0.25864632579496
0.26239829609823
0.19211175322058
0.20440734967767
0.33186309644813
0.38323947146284
0.53571353463313
0.06307918673434
0.73630475380790
0.22580971060458
0.28535796223783
0.86383611993736
0.35268557797844
0.19085509841494
0.95186797529562
0.50734774893903
0.56899074902343
0.69552115106600
0.62135428215553
0.36798100307879
0.84816696791066
0.86739608487791
0.29921317753968
0.91003685030742
0.64739902367189
0.24898048938103
0.70818794159043
0.90127604886670
0.07705827536448
0.78237334964088
0.38208865726836
0.38291106908472
0.85150872553993
0.31116424700736
0.78073607774376
0.02932542494809
0.70614387018278
0.91499002390368
0.76863861591799
0.22676892963869
0.94064617177479
0.38088542783609
0.23171424421995
0.99677410272065
0.29238734907861
0.70733802864552
0.92483039135327
0.09846023302220
0.57004173367141
0.91313418530187
0.41429363297269
0.25109866810243
0.05294554629500
0.70360457405017
0.48940125648699
0.32180464161190
0.27046121241532
0.88306425959198
0.16648620752691
0.54959042799151
0.73925723913255
0.75850946322481
0.48171865432187
0.32506611349735
0.11952899412352
0.45063237089665
0.40274581162701
0.71819344658394
0.06722332286302
0.48939555003478
0.18053002458094
0.64306721337170
0.64203832975217
0.12266818285040
0.69096442645785
1961593022
2058123164
304465401
1596182158
1317827193
37312776
1710348730
321176464
548892099
374073910
686123613
824980045
374560385
898230183
587356093
653208534
1717614279
1798552902
607067031
311577143
802144035
1768240837
667268521
1300935595
1320489242
588779042
424844546
597998467
2084640032
1419226786
1311969003
2061391578
1968303047
649108449
140663167
1845945341
1587583795
1948400831
904785550
1460005325
1185029470
1621046861
922274779
895088647
1318188395
779630936
1042195180
1115622271
357993515
95351369
1888523691
502957515
1121894322
444358002
1194554281
565815714
1259131080
1835213294
1178703369
1367738957
1721015722
1638510758
1398181812
131111728
754040484
419105024
1813243660
1096106616
1898515309
1717316185
1169927969
1682797758
1421531912
32184556
1576227289
1965971987
1435271145
1959385169
1595278458
186639063
1157825026
121380000
1844286330
1401720290
1734430958
13982192
217504713
1327826769
548718350
1088227171
320699184
1826457792
1355139154
1858435884
365057286
1744972202
580124221
2112853481
567666065
1282428089
1228708940
424114392
516600756
1072297779
161166897
2055535810
1483643640
853505264
1486864929
7464951
238673170
18957402
1351215569
2065167307
1885264559
2038152168
104196380
1835450499
893419649
186618461
842957567
1689076273
672071078
1019322292
626176346
77538727
1562591571
1116250060
552917176
84479510
348878344
696362
1557130422
520575737
1788839721
1862713708
917020369
240806822
1678044546
448885613
1103964674
440632845
1140255025
2010811440
2037053227
1602150360
1941326522
1657240736
284845518
2067794723
1479592390
400887705
1040493538
1265058804
769363005
421277251
932166349
450902356
1029425901
900326238
497392476
1514374107
467603155
102597076
1402703629
1640901326
1729708475
253896737
890744115
1413293551
195470254
731400149
635754856
1135622914
2116101375
1207958628
1048773999
533224416
1783933364
1069377032
282068853
1301322252
1142678914
1080940249
634768786
551735117
1357583794
794181935
444257450
392936031
1602380176
1013726377
341595908
1191376433
944803925
24239601
713858690
2057623794
1716700195
899258752
1479592390
400887705
1040493538
1265058804
769363005
421277251
932166349
450902356
1029425901
900326238
497392476
1514374107
467603155
102597076
1402703629
1640901326
1729708475
253896737
890744115
1413293551
195470254
731400149
635754856
1135622914
2116101375
1207958628
1048773999
533224416
1783933364
1069377032
282068853
1301322252
1142678914
1080940249
634768786
551735117
1357583794
794181935
444257450
392936031
1602380176
1013726377
341595908
1191376433
944803925
24239601
713858690
2057623794
1716700195
899258752
605086814
1131528105
1850285002
157538708
1693930696
1861460523
535597249
1680931216
60050938
875439901
847147123
2034268809
2071723302
1480294277
1543000361
576588008
328508648
353998495
1257696987
1500891757
833190009
2038618810
473850805
2145409406
265876274
2023369184
24742435
1871473403
1501135921
2007608235
2096968904
1979289910
669266309
987358740
362895445
1444187483
646632638
1747229087
463184332
1350777785
373136403
1317013730
1799881304
716658397
593429446
784240049
1469019488
1994252882
269783886
1028253893
